

2020-06-08 09_42_23
多 24 东" 5" 
0 118.776767,32.048555
3 118.776767,32.04919525
3 118.776767,32.0498355
3 118.77773900000001,32.048555
3 118.77773900000001,32.04919525
3 118.77773900000001,32.0498355
1 118.778711,32.048555
0 118.778711,32.04919525
3 118.778711,32.0498355


2020-06-08 09_42_23
多 24 东" 5" 
0 118.776767,32.048555
3 118.776767,32.04919525
3 118.776767,32.0498355
3 118.77773900000001,32.048555
3 118.77773900000001,32.04919525
3 118.77773900000001,32.0498355
1 118.778711,32.048555
0 118.778711,32.04919525
3 118.778711,32.0498355


2020-06-08 09_42_23
多 24 东" 5" 
0 118.776767,32.048555
3 118.776767,32.04919525
3 118.776767,32.0498355
3 118.77773900000001,32.048555
3 118.77773900000001,32.04919525
3 118.77773900000001,32.0498355
1 118.778711,32.048555
0 118.778711,32.04919525
3 118.778711,32.0498355


2020-06-08 09_42_23
多 24 东" 5" 
0 118.776767,32.048555
3 118.776767,32.04919525
3 118.776767,32.0498355
3 118.77773900000001,32.048555
3 118.77773900000001,32.04919525
3 118.77773900000001,32.0498355
1 118.778711,32.048555
0 118.778711,32.04919525
3 118.778711,32.0498355


2020-06-08 09_42_23
多 24 东" 5" 
0 118.776767,32.048555
3 118.776767,32.04919525
3 118.776767,32.0498355
3 118.77773900000001,32.048555
3 118.77773900000001,32.04919525
3 118.77773900000001,32.0498355
1 118.778711,32.048555
0 118.778711,32.04919525
3 118.778711,32.0498355


2020-06-08 09_42_23
多 24 东" 5" 
0 118.776767,32.048555
3 118.776767,32.04919525
3 118.776767,32.0498355
3 118.77773900000001,32.048555
3 118.77773900000001,32.04919525
3 118.77773900000001,32.0498355
1 118.778711,32.048555
0 118.778711,32.04919525
3 118.778711,32.0498355


2020-06-08 09_42_23
多 24 东" 5" 
0 118.776767,32.048555
3 118.776767,32.04919525
3 118.776767,32.0498355
3 118.77773900000001,32.048555
3 118.77773900000001,32.04919525
3 118.77773900000001,32.0498355
1 118.778711,32.048555
0 118.778711,32.04919525
3 118.778711,32.0498355


2020-06-08 09_42_23
多 24 东" 5" 
0 118.776767,32.048555
3 118.776767,32.04919525
3 118.776767,32.0498355
3 118.77773900000001,32.048555
3 118.77773900000001,32.04919525
3 118.77773900000001,32.0498355
1 118.778711,32.048555
